pharmaID,PharmaName,Mat.Nr.,Pharmacode,ATC1001253, NaCl 0.9% Perf.,,#N/A,#N/A1000358,Acidum Folicum Tbl,10043243,2107469,R05X1001112,Actemra Inf Lsg 200mg/10ml,10045552,2107469,R05X1001113,Actemra Inf Lsg 400mg/m20ml,10045553,2107469,R05X1001114,Actemra Inf Lsg 80mg/4ml,10045554,2107469,R05X1001115,Actemra Inj Lsg 162mg/0.9 ml,,#N/A,#N/A1000840,Actilyse Amp 20mg  Lsg.,10058684,1014062,N05CD061000823,Actilyse Amp.50mg Lsg,10028877,1057433,A01AD021000263,Actilyse Lsg,,#N/A,#N/A1000457,Adalat CR Retardtbl  30 mg,10026080,9000173,L01XD041000876,Adalat retard Tbl 20 mg,10027662,1057433,A01AD021001069,Addaven,10079435,,J01XX081000750,Adrenalin 100 µg/ml Bolus,10056070,2107469,R05X71,Adrenaline 1mg/ml,10055448,2107469,R05X56,Adrenaline Perfusor,,#N/A,#N/A1001179,Adriblastin Inf Lsg,10027448,1057433,A01AD021001165,Advate TS 1000 E Inj Lsg,10085047,,J01XX081001213,Advate TS 1500 E Inj Lsg,10085043,,J01XX081001166,Advate TS 2000 U,10085044,,J01XX081001190,Advate TS 250 E Inj Lsg,10085045,,J01XX081001191,Advate TS 500 E Inj Lsg,10085048,,J01XX081001102,Aggrastat Inf Lsg,10028703,1057433,A01AD021000285,Akineton Inj Lsg 5 mg/ml,10028417,1057433,A01AD021000999,Albumin 20 %,10067721,9000089,J04AB021000054,Albumin 20%,10067721,9000089,J04AB021001000,Albumin 5 %,10067720,9000089,J04AB021001007,Albumin 5 % 500ml,10067720,9000089,J04AB021000541,Albumin 5%,10067720,9000089,J04AB021000505,Aldactone Filmtbl 100 mg,10030858,2107469,R05X1000506,Aldactone Filmtbl 25 mg,10030857,2107469,R05X1000877,Aldactone Filmtbl 50,10030822,2107469,R05X1001103,Alimta Inf Lsg 100 mg,10047984,2107469,R05X1001107,Alimta Inf Lsg 500 mg,10000494,9000173,L01XD041000548,Alucol Gel,10030439,1057433,A01AD021000669,AmBisome Stechamp 50mg,10028953,1057433,A01AD021000267,Aminophyllin 240 mg,10026177,9000173,L01XD041000719,Amlodipin 5mg Tbl.,10060451,9000089,J04AB021000873,Amlodipin Tbl 10 mg,10058597,1014062,N05CD061000872,Amlodipin Tbl 5 mg,10060451,9000089,J04AB02291,Amoxicillin tabl 1 mg,10047014,2107469,R05X1000878,Ampho-Moronal Lutschtabletten,10072239,9000089,J04AB021000622,Ampho-Moronal Susp 10%,10000510,9000173,L01XD041000767,Andere nicht aufgel. Medis Tropfenform,,#N/A,#N/A1000609,Andere nicht aufgelistete Medikamente,,#N/A,#N/A1000784,Andere nicht aufgelistete Perfusoren,,#N/A,#N/A1001241,Andere nicht aufgelistete Perfusoren 1,,#N/A,#N/A1000820,Andere nicht augelistete Medi (IE),,#N/A,#N/A1000356,Anexate Amp,10085804,,J01XX081001092,Angina Lutschtabl.,10025884,9000173,L01XD041000842,Angiox Trockensubstanz,10030302,1057433,A01AD021000788,Anticholium Inj Lsg,10053394,2107469,R05X23,Antithrombin inf 50 U/ml,,#N/A,#N/A1000465,Antra Infusionslösung 40 mg,10027481,1057433,A01AD026,Antra inj 40 mg,10027481,1057433,A01AD021000602,Aqua ad injectabila 100ml Amp.,10000438,9000173,L01XD041000824,Aqua ad injectabila 10ml Amp.,10055470,2107469,R05X1000853,Aqua Dest Spül Lsg 1000ml,10080381,,J01XX081000841,Argatra Inf Lsg,10083236,,J01XX081000642,Arginin Chlorid Amp 20 ml,,#N/A,#N/A1000253,Aspégic Inj Lsg 500 mg/5ml,10030533,1057433,A01AD021000255,Aspirin cardio Tbl 300 mg,10054986,2107469,R05X1000256,Aspirin Tbl 100 mg,10054986,2107469,R05X1000257,Aspirin Tbl 500 mg,10027954,1057433,A01AD021000276,ATG Fresenius Inf Lsg,10024527,9000173,L01XD041000879,Atorvastatin Tbl 10 mg,10060446,9000089,J04AB021000871,Atorvastatin Tbl 20 mg,10060447,9000089,J04AB021000880,Atorvastatin Tbl 40 mg,10060448,9000089,J04AB021000881,Atorvastatin Tbl 80 mg,10060449,9000089,J04AB021001106,Atriance Inf Lsg,10036601,2107469,R05X11,Atropin Sulfat Amp,10094221,,J01XX081000388,Atrovent Inhal Lsg,10026802,9000173,L01XD041000389,Atrovent N Dosieraerosol 20ug,10028847,1057433,A01AD021000812,Augmentin 2.2 Inf Lsg,10088383,,J01XX081000781,Augmentin AD Tbl 1 g,10079780,,J01XX081000274,Augmentin Inj Lsg.,,#N/A,#N/A1000272,Augmentin Tabl 625 mg,10079779,,J01XX081000854,Avalox Filmtbl 400 mg,10027981,1057433,A01AD021000855,Avalox Inf Lsg 400 mg,10062046,9000089,J04AB021001105,Avastin Inf Lsg 100 mg/4ml,10000492,9000173,L01XD041001137,Avastin Inf Lsg 400 mg/16 ml,10000493,9000173,L01XD041000713,Axotide Dosieraerosol 125ug,10027189,9000173,L01XD041001193,Bactrim Amp 400/80 mg Inf Lsg,10027968,1057433,A01AD021001198,Bactrim Amp. 400/80 mg Inf Lsg,10027968,1057433,A01AD021000507,Bactrim forte Lacktbl,10053393,2107469,R05X1000508,Bactrim Inf Lsg,10027968,1057433,A01AD021000643,Bactroban Nasensalbe,10026436,9000173,L01XD041000803,Baldrian Tinktur,10055923,2107469,R05X1000647,Baldrian Trpf.,10055923,2107469,R05X1000557,Basis G5-K,,#N/A,#N/A1000766,BasisG5-K+20KCL,,#N/A,#N/A1000740,Becotal Inj Lsg,a.H.,#N/A,#N/A1000538,Becozym forte Drag,10027562,1057433,A01AD021000758,Beloc Perfusor,10035256,2107469,R05X1000440,Beloc zok ret Tbl 25 mg,10092351,,J01XX081000439,Beloc zok ret Tbl 50 mg,10092352,,J01XX081000438,Beloc zok ret. Tbl 100 mg,10092350,,J01XX081001143,Benefix TS 1000 U,10055888,2107469,R05X1001144,Benefix TS 500 U,10055889,2107469,R05X1000516,Benerva Inj Lsg,10028006,1057433,A01AD021000882,Benerva Tbl 100 mg,10027749,1057433,A01AD021000515,Benerva Tbl 300 mg,10027566,1057433,A01AD02225,Benuron supp 1000 mg,10024765,9000173,L01XD041000686,Bepanthen Amp 500mg/2ml,10065251,9000089,J04AB021000326,Bepanthen Inj Lsg 500 mg,10065251,9000089,J04AB021001184,Beriate TS 1000 E Inj lsg,10064265,9000089,J04AB021001183,Beriate TS 500 E Inj Lsg,10064264,9000089,J04AB021000289,Berinert HS 500E,10073573,,J01XX081001186,Berinin P TS 1200 E Inj Lsg,10055890,2107469,R05X1001185,Berinin P TS 600 E Inj Lsg,10055891,2107469,R05X1001187,Beriplex P/N 500 TS Inj Lsg,10085046,,J01XX08146,Betamethasone inj 4 mg/ml,,#N/A,#N/A1000721,Bilol 5 mg Tbl.,10028167,1057433,A01AD021001244,Bivalirudin Accord TS 250mg,10092659,,J01XX081000556,Breivik-Periduralinfusion,,#N/A,#N/A1000839,Brilique Tbl 90 mg,10058049,2107469,R05X1000883,Brufen Filmtbl. 200 mg,10073545,,J01XX081000884,Brufen Filmtbl. 400 mg,10025818,9000173,L01XD041000885,Brufen Filmtbl. 600 mg,10025820,9000173,L01XD041000367,Bulboid Supp,10030441,1057433,A01AD021000704,Bupivacain 0.125%,10072780,,J01XX081000886,Buscopan Drag. 10 mg,10044883,2107469,R05X1000500,Buscopan Inj Lsg 20 mg/ml,10045380,2107469,R05X1000501,Buscopan Supp 10 mg,10030916,2107469,R05X1000290,Ca-Acetat-Phosphatbinder 400 mg,10025933,9000173,L01XD041000888,Calcimagon D3 Tbl.,10090180,,J01XX081000889,Calciparine 12500 E/ 0.5ml,10047941,2107469,R05X1000597,Calciparine 5000 U/ 0.2 ml,10025394,9000173,L01XD041000291,Calcium Sandoz FF Brausetabl 1000 mg,10059697,1014062,N05CD061000891,Calcium Sandoz FF BrauseTbl.,10059697,1014062,N05CD061000292,Calcium Sandoz Lsg 10% 10 ml,,#N/A,#N/A1000687,Calciumchlorid 5% reg.AK,10025301,9000173,L01XD041001125,Calciumgluconat Braun Lsg 10% 10 ml,10042472,2107469,R05X1000618,Cancidas Amp 50 mg,10028704,1057433,A01AD021000617,Cancidas Amp 70 mg,10028705,1057433,A01AD021000582,"CAPD 2, 1.5% Glucose",10060313,9000089,J04AB021000749,"CAPD, 2.3% Glucose",10060314,9000089,J04AB021001076,"CAPD, 4.25% Glucose",10060370,9000089,J04AB021001077,"CAPD, Extraneal Icodextrin",10025341,9000173,L01XD041000890,Ca--Phosphatbinder,10073601,,J01XX08292,Captopril tabl 1 mg,,#N/A,#N/A1000813,Captopril Tabl 25 mg,10027134,9000173,L01XD04460,Carbon granulae,,#N/A,#N/A1000288,Carbostesin Inj Lsg 0.25% Amp,10031148,2107469,R05X1001172,Carbovit Susp 15 g/100ml,10056129,2107469,R05X1000334,Cardura CR Tbl 4 mg,10030237,1057433,A01AD021001082,Carvedilol Tabl 12.5 mg,10072946,,J01XX081000728,Catapresan 25µg/ml Perfusor,10030610,1057433,A01AD02410,Catapresan inj 150 µg/ml,10030610,1057433,A01AD02380,Catapresan Tabl 150 mikrogr,10036010,2107469,R05X1000825,Cefepime Orpha 2g Amp.,10042576,2107469,R05X1000300,Cefepime Sandoz 1g Amp.,10042576,2107469,R05X1001220,Cefuroxim Inj Lsg 1500 mg,10084277,,J01XX081000307,Celebrex Kps 100 mg,10027575,1057433,A01AD021000892,CellCept Amp 500 mg,10027434,1057433,A01AD021000786,CellCept Kps 250 mg,10086940,,J01XX081000730,CellCept Susp,10028531,1057433,A01AD021000448,CellCept Tbl 500 mg,10086941,,J01XX081000666,Cepimex Amp 1g,,#N/A,#N/A1001035,Certican Tbl 0.25 mg,10086941,,J01XX081001034,Certican Tbl 0.5 mg,10029803,1057433,A01AD021001033,Certican Tbl 0.75mg,10029804,1057433,A01AD021001032,Certican Tbl 1mg,10042815,2107469,R05X1000680,Chemotherapie,,#N/A,#N/A1000378,Chinin 3.25% Amp,,#N/A,#N/A1000626,Chinin Drg,10046473,2107469,R05X1000998,Chinin HCl Inj Lsg,10062104,9000089,J04AB021001110,Cimzia Inj Lsg,10062104,9000089,J04AB021001256,Cipralex Tabl 10 mg,10030069,1057433,A01AD02176,Ciproxin Infusion 200 mg,10025663,9000173,L01XD041000894,Ciproxin Infusion 400 mg,10027277,9000173,L01XD041000315,Ciproxin Tbl 500 mg,10035408,2107469,R05X1000893,Ciproxin Tbl 500 mg,10035408,2107469,R05X1001002,Citalopram Tbl 20mg,10029172,1057433,A01AD021000592,Citra-Lock Amp 5 ml,10057830,2107469,R05X1000273,Clamoxyl Inj Lsg 1g,10028759,1057433,A01AD021000601,Clamoxyl Inj Lsg 2g,10073608,,J01XX081001177,Clazosentan Reverse Studie,,#N/A,#N/A1001176,Clazosentan Reverse-Studie,,#N/A,#N/A1000759,Clazosentan/Placebo,,#N/A,#N/A1000863,Clexane 0.2 ml s/c,10072182,9000089,J04AB021000864,Clexane 0.4 ml s/c,10072183,9000089,J04AB021000895,Clexane 0.6 ml s/c,10041028,2107469,R05X1000865,Clexane 0.8 ml s/c,10041030,2107469,R05X1001016,Clexane 1.0 ml s/c,10041032,2107469,R05X1001170,Clindamycin Kps 300 mg,10066660,9000089,J04AB021001168,Clindamycin Phosphat 300 mg/2ml,10066662,9000089,J04AB021001169,Clindamycin Phosphat 600 mg/4ml,10066663,9000089,J04AB021000641,Clyssie Klistier,10028800,1057433,A01AD021000896,Co Dafalgan Tabl 500 mg,10028800,1057433,A01AD021001097,Co-Amoxi 1.2 g Inj Lsg,10067731,9000089,J04AB021001098,Co-Amoxi 2.2g Inf Lsg,10088383,,J01XX081001096,Co-Amoxi Tbl 1g,10079780,,J01XX081001095,Co-Amoxi Tbl 625 mg,10079779,,J01XX081000720,CoAprovel,,#N/A,#N/A1000578,Cocain Chlorid Blau 5%,,#N/A,#N/A1001005,Colidimin Tbl 200 mg,10060132,9000089,J04AB021000589,Coliquifilm Augensalbe,,#N/A,#N/A1001233,Colistin 1 Mio E,10053345,2107469,R05X1001234,Colistin 1 Mio IE Inf Lsg,10053345,2107469,R05X1000897,Colosan Mite,10025751,9000173,L01XD041000898,Concor Tbl 5 mg,10029025,1057433,A01AD02431,Cordarone inj 50 mg/ml,10030835,2107469,R05X1000268,Cordarone Tbl 200 mg,10028700,1057433,A01AD021000441,Corotrop,10026338,9000173,L01XD041000385,Corvert Inf Lsg,a.H.,#N/A,#N/A1000419,Cosaar Tbl 50 mg,10031336,2107469,R05X1000470,Creon forte Kps,10034462,2107469,R05X1000899,Creon Kps,10088784,,J01XX081001167,Crestor Filmtbl 20 mg,10042469,2107469,R05X1001222,Cubicin Inf Lsg,10042865,2107469,R05X1001010,Cyklokapron Infusion,10054463,2107469,R05X27,Cyklokapron inj 100 mg/ml,10054463,2107469,R05X1000362,Cymevene Amp 500 mg,10000434,9000173,L01XD041001181,Cytosar Inf Lsg,10000477,9000173,L01XD041001022,Cytotect 2500 IE,,#N/A,J06BB091001020,Cytotect 500 IE,,#N/A,J06BB091001021,Cytotect CP 1000 E/10ml,10064963,9000089,J04AB021000471,Dafalgan Brausetbl 1g,10027835,1057433,A01AD021000472,Dafalgan Brausetbl 500 mg,10025744,9000173,L01XD041000900,Dafalgan ODIS Schmelz Tabl 500 mg,10067010,9000089,J04AB021000473,Dafalgan Supp 600 mg,10026265,9000173,L01XD041000683,Dafalgan Tabl 1g,10057234,2107469,R05X275,Dafalgan tabl 500 mg,10025743,9000173,L01XD041000829,Dalacin C 600 Phosphat Amp.,10066663,9000089,J04AB021000320,Dalacin C Kps 300 mg,10066660,9000089,J04AB021000321,Dalacin C Phosphat Inj Lsg 300 mg,10066662,9000089,J04AB021000322,Dalacin Phosphat Inj Lsg 600 mg,10066663,9000089,J04AB021000696,DAM,,#N/A,#N/A1001182,Daunoblastin Inf Lsg,10057545,2107469,R05X1000651,Deltadex 40,,#N/A,#N/A1000652,Deltadex 40,,#N/A,#N/A1000644,Dequonal Gurgellösung,10031089,2107469,R05X1000474,Deroxat Tbl 20 mg,10026437,9000173,L01XD041000667,Dex/Placebo,,#N/A,#N/A1000668,Dex/Propofol+Placebo,,#N/A,#N/A1000847,Dexdor Inf. Lsg,10062085,9000089,J04AB021001260,Diabetes Qualitativ,,#N/A,#N/A1000198,Dialysis sol 13.6 mg/ml,,#N/A,#N/A1000199,Dialysis sol 22.7 mg/ml,,#N/A,#N/A1000200,Dialysis sol 38.6  mg/ml,,#N/A,#N/A438,Diamox Amp,10025622,9000173,L01XD041000254,Diamox Tbl 250 mg,10030096,1057433,A01AD02246,Diazepam tabl 5 mg,10027653,1057433,A01AD021001081,Dibenzyran Kps 10 mg,10058410,1014062,N05CD061000673,Dicodid Inj Lsg 15mg/ml,a.H.,#N/A,#N/A1000355,Diflucan Inf Lsg 200 mg,10025870,9000173,L01XD041000353,Diflucan Kps 200 mg,10025868,9000173,L01XD041000354,Diflucan Kps 50 mg,10025867,9000173,L01XD041000675,Diflucan Susp Forte,10026587,9000173,L01XD041,Digoxin inj 0.25 mg/ml,10030699,68386,R05X1000901,Digoxin Tabl 0.125 mg,10031062,2107469,R05X348,Digoxin Tabl 0.25 mg,10030358,1057433,A01AD0263,Dihydralazine inf 0.2 mg/ml,,#N/A,#N/A1000297,Dilatrend Tabl 12.5 mg,10026821,9000173,L01XD041000298,Dilatrend Tabl 6.25 mg,10027390,1057433,A01AD021001071,Diltiazem Tbl 60 mg,10059044,1014062,N05CD061000331,Dilzem retard Filmtbl 120 mg,10025892,9000173,L01XD041000482,Dipiperon Tbl 40 mg,10025892,9000173,L01XD041000491,Disoprivan 1%,10087364,,J01XX08208,Disoprivan 2% 20 mg/ml,10087365,,J01XX081000699,Disoprivan 2% BOLUS,10087365,,J01XX081000323,Distraneurin Mixt 500 mg/10 ml,10030975,2107469,R05X1000332,Ditanrix 0.5 ml,a.H.,#N/A,#N/A1000468,Ditropan Tbl 5mg,10025676,9000173,L01XD04426,Dobutrex,10029983,1057433,A01AD021000700,Dormicum Bolus 5mg/ml,10024812,9000173,L01XD04251,Dormicum inj 1 mg/ml,10025735,9000173,L01XD04252,Dormicum inj 5 mg/ml,10024812,9000173,L01XD041000902,Dormicum Tbl 7.5 mg,10031400,2107469,R05X1000679,Dormicum-Placebo,,#N/A,#N/A1001075,Doxyclin Tbl 100 mg,10073607,,J01XX081000336,Droperidol Sintetica Inj Lsg 2.5 mg/ml,10030194,1057433,A01AD021000623,Dulcolax Supp 10mg,,#N/A,A06AB021000718,Dulcolax Supp.,,#N/A,A06AB02322,Duphalac mixt 670 mg/ml,10065964,9000089,J04AB021000351,Durogesic TTS 50 ug,10029581,1057433,A01AD021000627,Durogesic TTS Matrix 100 ug,10029583,1057433,A01AD021000768,Durogesic TTS Matrix 12 ug,10029668,1057433,A01AD021000350,Durogesic TTS Matrix 25 ug,10029580,1057433,A01AD021000524,Dyrenium compositum Kps,a.H.,#N/A,#N/A1000763,Ebrantil Inj Lsg,10024672,9000173,L01XD041001013,Ecalta Amp 100 mg,10055602,2107469,R05X1001255,ECMO-Material,,#N/A,#N/A1000722,Ecodurex 5 mg Tbl.,a.H.,#N/A,#N/A1000579,Ecofenac Lipogel 1%,10061198,9000089,J04AB021000782,Efexor Kps 75 mg,10075159,,J01XX081000790,Efient Tbl 10 mg,10055945,2107469,R05X1000789,Efient Tbl 5 mg,10047763,2107469,R05X1000100,EK,,#N/A,#N/A1000743,EK Pflege,,#N/A,#N/A1001003,Eltroxin Tbl 0.05mg,10056344,2107469,R05X1001004,Eltroxin Tbl 0.10mg,10051918,2107469,R05X1000341,Enatec Tbl 10 mg,a.H.,#N/A,#N/A1000342,Enatec Tbl 20 mg,a.H.,#N/A,#N/A1000343,Enatec Tbl 5 mg,a.H.,#N/A,#N/A1001118,Enbrel Inj Lsg 25 mg/0.5 ml,10060394,9000089,J04AB021001108,Enbrel Inj Lsg 50 mg/ml,10047340,2107469,R05X1001178,Endoxan Inf Lsg,10029153,1057433,A01AD021000903,Enlive Plus Apfel,10029610,1057433,A01AD021000904,Enlive Plus Orange,10029611,1057433,A01AD021000905,Enlive Plus Pfirsich,10029612,1057433,A01AD021000231,Ensure Plus,,#N/A,#N/A1000906,Ensure Plus Banane,10027929,1057433,A01AD021000907,Ensure Plus Cassis,10027934,1057433,A01AD021000908,Ensure Plus Erdbeere,10027930,1057433,A01AD021000909,Ensure Plus Himbeer,10027931,1057433,A01AD021000910,Ensure Plus Kaffee,10027932,1057433,A01AD021000911,Ensure Plus Schokolade,10027933,1057433,A01AD021000912,Ensure Plus Vanille,10027935,1057433,A01AD021000802,Ensure TwoCAl Banane,10051829,2107469,R05X1000810,Ensure TwoCAl Edbeer,10051828,2107469,R05X1000811,Ensure TwoCAl Vanille,10051827,2107469,R05X1000913,Ephedrin HCL Amp 50mg/ml,10053266,2107469,R05X1000345,Ephedrin Inj Lsg 50 mg/10 ml,,#N/A,#N/A1001104,Erbitux Inf Lsg 100 mg/20 ml,10038729,2107469,R05X1001120,Erbitux Inf Lsg 500 mg/100 ml,,#N/A,#N/A1000791,Erythrocin Inf Lsg,10027441,1057433,A01AD02468,Erythropoietin inj 1000 U/ml,,#N/A,#N/A1000346,Esmeron Amp. 100 mg /10 ml,10027353,9000173,L01XD041000498,Esmeron Inj Lsg,10027353,9000173,L01XD041000645,Ethanol Inf. Lsg 96%,10079563,,J01XX081000707,Euphyllin N Bolus,10029621,1057433,A01AD021000706,Euphyllin N Perfusor,10029621,1057433,A01AD02153,Euthyrox tabl 0.1 mg,10093472,,J01XX081000914,Euthyrox Tabl 50 µg,10093488,,J01XX081001136,Evoltra Inf Lsg 20 mg/20 ml,10046727,2107469,R05X1001145,Faktor VII NF 600 U,10055897,2107469,R05X1001088,Fasturtec Inj Lsg,10029448,1057433,A01AD021000514,Favistan Inj Lsg 40 mg/ml,,#N/A,#N/A1001147,Feiba NF 2500 U,10065989,9000089,J04AB021001146,Feiba NF TS 1000 E Inj Lsg,10055882,2107469,R05X1000580,Fenistil Gel 0.1%,10030624,1057433,A01AD021000251,Fentanyl inj,10066001,9000089,J04AB021000741,Fentanyl Perf,10079561,,J01XX081000915,Ferinject Amp 100mg/2ml,10039625,2107469,R05X1000190,Fett 20%,,#N/A,#N/A1000744,FFP Pflege,,#N/A,#N/A1001149,Fibrogammin 1250 U,10085049,,J01XX081001148,Fibrogammin TS 250 U,10085050,,J01XX081000437,Flagyl Tbl 500 mg,10031106,2107469,R05X1000585,Flammazine Creme,10030855,2107469,R05X1000916,Flatulex Kautbl.,10026660,9000173,L01XD041000599,Florinef Tbl 0.1mg,10030601,1057433,A01AD021000352,Floxapen Inj Lsg 1g,10030524,1057433,A01AD021001235,Flucloxacillin TS Inj Lsg 1g,10088924,,J01XX081000726,Fluimucil Granulat,10025707,9000173,L01XD041000917,Fluimucil Granulat 100 mg,10025707,9000173,L01XD041000918,Fluimucil inj Lsg 300mg/3ml,,#N/A,#N/A1001240,Flumazenil Inj Lsg,10085804,,J01XX081001261,Flüssige Kost,,#N/A,#N/A1000359,Folsäure Amp,10025112,9000173,L01XD041000450,Fordtran Darmspülung,,#N/A,#N/A1000732,Fordtran-Lösung,a.H.,#N/A,#N/A1000830,Fortam 2g Inj Lsg,10026843,9000173,L01XD041001017,Fortam 500mg Inj Lsg,10026831,9000173,L01XD041000302,Fortam Stechamp 1g,10026842,9000173,L01XD041000769,Fortecortin Tbl 4 mg,10025906,9000173,L01XD041001126,Foscavir Inf Lsg 6000mg/250ml,10045551,2107469,R05X1000451,Fraxiparine,,#N/A,#N/A1000831,Fraxiparine 0.3 ml s/c,10061177,9000089,J04AB021000832,Fraxiparine 0.4 ml s/c,10061178,9000089,J04AB021000833,Fraxiparine 0.6 ml s/c,10061179,9000089,J04AB021000834,Fraxiparine 0.8 ml s/c,10026518,9000173,L01XD041000714,Freka MIx 2000 ml,,#N/A,#N/A1000050,Fresh Frozen Plasma,,#N/A,#N/A1000957,Fresubin Drink Cappuccino,,#N/A,#N/A1000960,Fresubin Drink Früchte,,#N/A,#N/A1000958,Fresubin Drink Nuss,,#N/A,#N/A1000959,Fresubin Drink Schokolade,,#N/A,#N/A1000961,Fresubin Drink Vanille,,#N/A,#N/A1000962,Fresubin Drink Walderdbeere,,#N/A,#N/A1001266,Fresubin HP Energy,10025197,9000173,L01XD041000970,Fresubin HP Energy 500ml,10025197,9000173,L01XD04308,Fungizone Amp,10000506,9000173,L01XD041000232,Furosemide 10 mg/ml inj,10030332,1057433,A01AD021000702,G5%+KCl 20,,#N/A,#N/A1000563,G5%+KCl 40,,#N/A,#N/A1000363,Garamycin,10025485,9000173,L01XD041001257,Gastrotipp,,#N/A,#N/A1001258,Gastrotipp ll,,#N/A,#N/A1001262,Gastrotipp/Smooth Food,,#N/A,#N/A1001259,Gemixt/Feingeschn.,,#N/A,#N/A1000625,Glocose 5%,,#N/A,#N/A1000366,Glucagon Novo Inj Lsg 1 mg,10026125,9000173,L01XD041000919,Glucophage Tbl 500mg,10084275,,J01XX081000591,GlucoSalin /500ml,10079402,,J01XX081000562,GlucoSalin 2:1,10080941,,J01XX081000566,GlucoSalin 2:1+ K-Cl 80,,#N/A,#N/A1000565,GlucoSaline 2:1 + K-Cl 40,,#N/A,#N/A1000020,Glucose  5%,10056018,2107469,R05X1000742,Glucose  5% /500ml Pflege,10056018,2107469,R05X1000816,Glucose  5%/250ml,10056017,2107469,R05X1000690,Glucose 10% Ampulle,10027496,1057433,A01AD021000022,Glucose 10%/ 500ml,10025160,9000173,L01XD041000544,Glucose 20% /100ml,10025292,9000173,L01XD041000835,Glucose 20% /500ml,10025162,9000173,L01XD041000689,Glucose 20% Ampulle,10027497,1057433,A01AD021000746,Glucose 20%/100ml Pflege,10025292,9000173,L01XD041000545,Glucose 40%,,#N/A,#N/A1000564,Glucose 5%+ K-Cl 80,,#N/A,#N/A1000567,Glucose 50% /500ml,,#N/A,#N/A1000793,Glypressin Inj Lsg,10025030,9000173,L01XD041001070,Grafalon Inf Lsg,10079437,,J01XX081000338,Gyno Canesten Ovula 100 mg,10052968,2107469,R05X1000792,Gyno Canesten Vag Tbl 200 mg,10082063,,J01XX081000701,Haemate HS,10055451,2107469,R05X1001151,Haemate P 1000 U/ 2400 U,10055450,2107469,R05X1001150,Haemate P 500 U/1200 U,10055451,2107469,R05X1000799,Haemocomplettan,10055893,2107469,R05X1001153,Haemocomplettan P 2g,10055892,2107469,R05X1001152,Haemocomplettan P TS 1g Inf Lsg,10055893,2107469,R05X1001061,Haemopressin TS Inj Lsg,10069007,9000089,J04AB021000370,Haldol Inj Lsg 5 mg/ml,10031202,2107469,R05X1000371,Haldol Trpf 2mg/ml,10066496,9000089,J04AB02239,Haloperidol inj 2.5 mg/ml,10031202,2107469,R05X1000574,Hämofiltrationslösung HF9,,#N/A,#N/A1001154,Helixate M2V 2000 U,10067096,9000089,J04AB021001155,Helixate M2V TS 1000 E Inj Lsg,10055452,2107469,R05X1001212,Helixate M2V TS 500 E Inj Lsg,10055453,2107469,R05X1000629,Hemeran Creme 1%,10080419,,J01XX081000628,Hemeran Emulgel 1%,10080419,,J01XX081000373,Heparin Bichsel 500 E/ 5 ml,10029277,1057433,A01AD021001018,Hepatect CP 2000 IE,10040419,2107469,R05X1001019,Hepatect CP 500 IE,10027373,9000173,L01XD041001243,HERACLES Infusion 100ml,,#N/A,#N/A1001242,HERACLES Infusion 560ml,,#N/A,#N/A1001134,Herceptin Inf Lsg 150mg,10031330,2107469,R05X1001135,Herceptin Inf Lsg 440 mg,10000473,9000173,L01XD041000577,Hibitane 0.1%,,#N/A,#N/A1001109,Humira Inj Lsg,10088749,,J01XX081000382,Hydrocodon  Inj Lsg 15mg/ ml,1600,#N/A,#N/A1000794,Hydrocodon Inj Lsg,1600,#N/A,#N/A1000725,Hydrocortison/Placebo,,#N/A,#N/A152,Hydrocortisone inj 125 mg/ml,,#N/A,#N/A1000770,Hydrocortone Tbl 10 mg,10029769,1057433,A01AD021001101,Ilomedin 20 ug/ml Inf Lsg,10028226,1057433,A01AD021000386,"Ilomedin Inj Lsg 50ug/2,5 ml",10028227,1057433,A01AD021000575,Imazol Creme Neue Formel,10027183,9000173,L01XD041000576,Imazol Cremepaste,10024721,9000173,L01XD041001157,Immunate S/D 500 U/ 250 U,10055880,2107469,R05X1001156,Immunate S/D TS 1000 E/ 500 E,10055881,2107469,R05X1001158,Immunine STIM Plus 1200 U,10055886,2107469,R05X1001159,Immunine STIM Plus 600 U,10055887,2107469,R05X1000417,Imodium 2mg,10030746,2107469,R05X1001011,IMP Telepressin/Placebo VIMC,,#N/A,#N/A1000922,IMP/Placebo,,#N/A,#N/A1000280,Imurek Inf Lsg,1790,9000173,L01XD041000281,Imurek Tabl 50 mg,10030752,2107469,R05X1000492,Inderal Tbl 10 mg,10094679,,J01XX081000493,Inderal Tbl 40 mg,10094690,,J01XX081000413,Instillagel 2%,10063790,9000089,J04AB0215,Insulin Actrapid inj 100 U/ml,10025741,9000173,L01XD041000381,Insulin Insulatard HM,10025756,9000173,L01XD041000963,Insulin Lantus,10028971,1057433,A01AD021000379,Insulin Mixtard 30 HM,10026092,9000173,L01XD041000931,Insulin Mixtard 50 HM,10026094,9000173,L01XD041000724,Insulin NovoRapid,10027737,1057433,A01AD021000921,Intestamin Neutral 500 ml,10060438,9000089,J04AB021000814,Intratect 10g Inf Lsg,10065998,9000089,J04AB021001041,Intratect10% Inf Lsg  5 g/50 ml,10065997,9000089,J04AB021001042,Intratect10% Inf Lsg 10 g/100ml,10065998,9000089,J04AB021001043,Intratect10% Inf Lsg 20 g/200ml,10065999,9000089,J04AB021001217,Irfen Tabl 400 mg,10025818,9000173,L01XD041000795,Isoket Dosieraerosol,10026194,9000173,L01XD0494,Isoptin Inj Lsg,10028432,1057433,A01AD021000536,Isoptin Tbl 80 mg,10026531,9000173,L01XD041001029,Isosource Protein,10065996,9000089,J04AB021000216,Isosource Standard,10073152,,J01XX081000391,Isuprel 0.2 mg/ml,10079310,,J01XX081000423,Itinerol B 6 Supp,10044142,2107469,R05X1000681,Joule,,#N/A,#N/A1000396,Kalium Chlorid 15%,10028193,1057433,A01AD021000393,Kalium Effervetten,10035425,2107469,R05X1000395,Kalium Phosphat,10026301,9000173,L01XD041000836,Kalium Phosphat für Perfusor,10026301,9000173,L01XD041000397,Kaliumchlorid Lsg 1 mmol/ml 50 ml,10056072,2107469,R05X1000612,Kalium-Chlorid Sirup,,#N/A,#N/A1000608,KaliumChlorid Sirup 1mmol/ml,,#N/A,#N/A1000080,K-Cl conc,,#N/A,#N/A1001063,KCL ret. Hausmann Drg 10mmol (745mg),10030468,1057433,A01AD021000398,KCL Retard Drag,10030468,1057433,A01AD021000299,Kefzol Stechamp 1g,10000505,9000173,L01XD041000671,Kefzol Stechamp 2g,10087716,,J01XX081000676,Keppra Filmtbl.,10027922,1057433,A01AD021000756,Keppra Inf Lsg,10074759,,J01XX081001194,Ketalar 5mg/ml Perfusor Schmerzdienst,10000503,9000173,L01XD041000400,Ketalar Inj Lsg 500 mg/10 ml,10000503,9000173,L01XD041000857,Ketalar Perfusor,10000503,9000173,L01XD041001236,Ketamin Perfusor 250mg/50ml,2360,9000173,L01XD041000318,Klacid Amp,10026480,9000173,L01XD041000317,Klacid Tbl 500 mg,10026485,9000173,L01XD041001055,Kochsalz Tbl 1g,10069290,9000089,J04AB021001205,Kogenate SF Bio Set TS 1000 E Inj Lsg,10055871,2107469,R05X1001204,Kogenate SF Bio Set TS 500 E Inj Lsg,10055872,2107469,R05X1000674,Kolsuspension,,#N/A,#N/A1000481,Konakion Amp,10025002,9000173,L01XD041000480,Konakion Kaudrg 10 mg,a.H.,#N/A,#N/A1001263,Kopie von Adrenalin 100 µg/ml,,#N/A,#N/A1000082,K-Ph conc,10026301,9000173,L01XD041000258,Krenosin Inj Lsg,10026402,9000173,L01XD041001160,Kybernin P TS 1000 U,10055895,2107469,R05X1001161,Kybernin P TS 500 U,10055896,2107469,R05X1000779,Lamictal Tbl 100 mg,10026210,9000173,L01XD041000778,Lamictal Tbl 25 mg,10026208,9000173,L01XD041000850,Lamotrigin Tbl 100 mg,10026210,9000173,L01XD041000851,Lamotrigin Tbl 25 mg,10026208,9000173,L01XD044,Lasix 40 mg tabl,10030333,1057433,A01AD021000747,Lasix Bolus 20mg  Amp.,10030332,1057433,A01AD02482,Lasix Perfusor,10070532,9000089,J04AB021001175,Levetiracetam Inf Lsg,10074759,,J01XX081000411,Lidocain Amp 1%,10064402,9000089,J04AB021000924,Lidocain Amp 2%,10059085,1014062,N05CD061000727,Lidocain Studie Amp 1%,,#N/A,#N/A1000703,LidocainCO2 2%+Adrenalin,10031088,2107469,R05X34,Lidocaine inj 20 mg/ml,10059085,1014062,N05CD061000282,Lioresal Tabl 10 mg,10031108,2107469,R05X1001252,Liquemin 25000 IE/5ml,10058414,1014062,N05CD06107,Liquemin Amp,10058414,1014062,N05CD061000414,Lisinopril Tbl 20mg,10029326,1057433,A01AD021000415,Lisinopril Tbl 5 mg,10029324,1057433,A01AD021001197,LJ501-Placebo,,#N/A,#N/A1001202,LJ-501-Placebo 100 ml NaCl 0.9%,,#N/A,#N/A1001201,LJ-501-Placebo 250 ml NaCl 0.9%,,#N/A,#N/A1001200,LJ-501-Placebo 500 ml NaCl 0.9%,,#N/A,#N/A1001199,LJ-501-Placebo1000ml NaCl 0.9%,,#N/A,#N/A1000442,Loniten Tbl 10 mg,10059171,1014062,N05CD061000443,Loniten Tbl 2.5 mg,10059500,1014062,N05CD061000293,Lopirin Tabl 12.5 mg,a.H.,#N/A,#N/A1000294,Lopirin Tabl 25 mg,a.H.,#N/A,#N/A1000436,Lopresor Inj Lsg,a.H.,#N/A,#N/A1001080,Losartan Tabl 50 mg,10073530,,J01XX081000925,Lyman Gel,10082273,,J01XX081000846,Lyrica Kps 25 mg,10088939,,J01XX081000796,Lyrica Kps 75 mg,10088943,,J01XX081001015,Mabthera Amp 500 mg,10000462,9000173,L01XD041001014,Mabthera Inf Lsg 100mg/10ml,10027247,9000173,L01XD041000772,Madopar DR Tbl 200 mg,10027145,9000173,L01XD041000406,Madopar LIQ Tbl 125 mg,10026506,9000173,L01XD041000926,Madopar LIQ Tbl 62.5,10026505,9000173,L01XD041001045,Madopar Tbl 125 mg,10025699,9000173,L01XD041000420,Magnesiocard 5 mmol sachet,10061469,9000089,J04AB021000800,Magnesium Chlorid Inf Lsg,10025704,9000173,L01XD041000927,Magnesium Diasporal 12 mmol,10057616,2107469,R05X1000421,Magnesium Sulfat 50% 2 ml,10029454,1057433,A01AD021000554,"Mannitol 20%, 20 g/100 ml",10066604,9000089,J04AB021000476,Marcoumar Tbl,10025821,9000173,L01XD041000218,Meal and drink,,#N/A,#N/A1000646,Mebucaïne,10026136,9000173,L01XD041000930,Mephadolor Neo 500mg Tbl,10035922,2107469,R05X1000325,Mephameson 4mg/ml,10000508,9000173,L01XD041000929,Mephameson Inj Lsg 8mg/ml,10030979,2107469,R05X1000723,Mephanol Tbl 100mg,10030891,2107469,R05X1000424,Meronem 1g,10073434,,J01XX081000425,Meronem 500 mg,10073435,,J01XX081001086,Meropenem 1g,10073434,,J01XX081001084,Meropenem 500 mg,10073435,,J01XX081000495,Mestinon Drg 10 mg,10027615,1057433,A01AD021000496,Mestinon Drg 60 mg,10027616,1057433,A01AD021000928,Metamizol ISPI,1840,9000173,L01XD04215,Methadon inj 10 mg/ml,10024713,9000173,L01XD041000427,Methadon oral 0.5% 5mg/ml,1081,#N/A,#N/A1000430,Methergin Inj Lsg 0.2 mg/ml,10030367,1057433,A01AD021000429,Methylenblau 1%,ZL?,Alte Materialnr.,ATC1000428,Metolazon Tbl 5 mg,10028924,1057433,A01AD021000596,Metoprolol Tartrat Tbl 10 mg,10080441,,J01XX08181,Metronidazole inf 500 mg/100ml,10080441,,J01XX081000070,Mg-Sulfat conc,10025147,9000173,L01XD041001195,Microlax Klistier,10082271,,J01XX08142,Minirin inj,10024870,9000173,L01XD041001224,Minirin Nasenspray 10 mcg pro Hub,10024871,9000173,L01XD041000748,Mix-Augentropfen,1980,9000173,L01XD041000570,Modulamin Plus,a.H.,#N/A,#N/A1001083,Moduretic mite Tabl 2.5 mg/25 mg,,#N/A,#N/A1000787,Moduretic Tbl 50/5 mg,10030503,1057433,A01AD021000684,Morphin als PCA Pumpe,1148,#N/A,#N/A1000932,Morphin HCl Lsg à 20mg/ml,1642,#N/A,#N/A1000659,Morphin HCL Perfusor,1028,#N/A,#N/A1000444,Morphin Trpf 1% 10mg/ml,1641,#N/A,#N/A212,Morphine inj 10 mg/ml,10025010,9000173,L01XD041000862,Morphine Inj à 10mg,10025010,9000173,L01XD041000783,Motilium Tbl 10 mg,10030876,2107469,R05X1000801,Moviprep Pulver,10054809,2107469,R05X1000933,MST Continus ret Tbl 10 mg,10067725,9000089,J04AB021000445,MST Continus ret Tbl 30,10024727,9000173,L01XD041000446,MST Continus ret. Tbl 60,10025805,9000173,L01XD041000630,Mundisal Gel,10062019,9000089,J04AB021000348,Myambutol 400 mg/4ml,10025348,9000173,L01XD041001090,Mycamine Inf Lsg 100 mg,10074766,,J01XX081001119,Mycamine Inf Lsg 50 mg,10074765,,J01XX081000551,Mycostatin Susp,10030637,1057433,A01AD021000588,Mydriaticum Augentrp,10026389,9000173,L01XD041001030,Myfortic Tbl à 180mg,10028774,1057433,A01AD021000947,Myfortic Tbl à 360mg,10028775,1057433,A01AD021000193,Na- Bicarbonat 8.4%,10026285,9000173,L01XD041000449,Na Monohydrogenphosphat 10 ml,,#N/A,#N/A1000454,Na Thiosulfat 25% 2ml,10025535,9000173,L01XD041000571,Na-Bicarbonat 1.4%,10026235,9000173,L01XD041000453,Na-Bicarbonat Inf Lsg 8.4%,10079597,,J01XX08328,NaChromoglycate inhal 20 mg,,#N/A,#N/A1000572,NaCl 0.45% 500ml,10051516,2107469,R05X1000818,NaCl 0.9 % /1000ml,10072317,,J01XX081000826,NaCl 0.9 % /250ml,10079594,,J01XX081000827,NaCl 0.9 % /500ml,10072316,,J01XX081000197,NaCl 0.9 % flush,,#N/A,#N/A1000738,NaCl 0.9 % Pflege,,#N/A,#N/A1000194,NaCl 0.9 %.,,#N/A,#N/A1000819,NaCl 0.9 %10,,#N/A,#N/A1000624,NaCl 0.9%,,#N/A,#N/A1001254,NaCl 0.9% Perf.,,#N/A,#N/A1000546,NaCl 2.5% 500ml,1201,#N/A,#N/A1000090,NaCl conc Amp 14.5%,10025356,9000173,L01XD041000560,"Nährlösung ISPI 1000ml  -F, - E",,#N/A,#N/A1000452,Naloxon Inj Lsg,10029539,1057433,A01AD021000729,Na-Posph conc,10072881,,J01XX081000693,Naropin,10027090,9000173,L01XD041001091,Nasenspray Spirig 0.1%,10072789,,J01XX081000526,Navoban Inj Lsg 2 mg/ 2ml,10058601,1014062,N05CD061000948,Navoban Inj Lsg 5 mg/ 5ml,,#N/A,#N/A1000949,Navoban Kps 5 mg,a.H.,#N/A,#N/A1000950,Nebilet Tbl à 5 mg,10072945,,J01XX081001087,Nebivolol Tabl 5 mg,10072945,,J01XX081000368,Neo Decongestine Past,10024787,9000173,L01XD041000296,Neo-Mercazole Tabl 5 mg,10030320,1057433,A01AD021000583,Neosporin Augentrp,a.H.,#N/A,#N/A1000631,Neotracin Augensalbe,a.H.,#N/A,#N/A1000598,Nephrotrans Kps,10025849,9000173,L01XD0485,Nepresol inj,10025281,9000173,L01XD041000665,Nepro,10088280,,J01XX081000619,Neupogen 30 Mio U,10028848,1057433,A01AD021000620,Neupogen 48 Mio U,10028850,1057433,A01AD021000360,Neurontin Kps 100 mg,10026544,9000173,L01XD041000361,Neurontin Kps 300 mg,10026546,9000173,L01XD041000952,Nexium Mups 40mg TS i.v.,10029613,1057433,A01AD021000466,Nexium Mups Tbl 20 mg,10035636,2107469,R05X1000951,Nexium Mups Tbl 40 mg,10035641,2107469,R05X1000955,Nicorette Inhaler 10mg,10027768,1057433,A01AD021000953,Nicotinell Pflaster 1 stark,10030220,1057433,A01AD021000456,Nicotinell Pflaster 2 mittel,10079535,,J01XX081000954,Nicotinell Pflaster 3 Leicht,10079615,,J01XX08124,Nimotop inf 0.2 mg/ml,10026044,9000173,L01XD04125,Nimotop Tabl 30 mg,10025092,9000173,L01XD041001264,Nipruss  0.5mg/ml,10062703,9000089,J04AB021001265,Nipruss  1mg/ml,10062703,9000089,J04AB021001245,Nipruss 0.5mg/ml,10062703,9000089,J04AB021001246,Nipruss 1mg/ml,10062703,9000089,J04AB021000252,Nipruss inf,10062703,9000089,J04AB021000867,Nitriate 0.5mg/ml,,#N/A,#N/A1000868,Nitriate 1mg/ml,,#N/A,#N/A1000459,Nitroderm TTS 10,10031141,2107469,R05X1000458,Nitroderm TTS 5,10031028,2107469,R05X1000243,Nitroglycerin Inf,10055924,2107469,R05X117,"Nitroglycerin Kps 0,8mg",10085809,,J01XX081001047,Nitroprussiat Fides 0.5mg/ml,10062703,9000089,J04AB021001048,Nitroprussiat Fides 1mg/ml,10062703,9000089,J04AB021001141,Nitroprusside DBL 0.5 mg/ml,10062703,9000089,J04AB021001142,Nitroprusside DBL 1mg/ml,10062703,9000089,J04AB021000462,Noradrenalin  1mg/ml,10057219,2107469,R05X1000656,Noradrenalin 100 µg/ml Perfusor,10057220,2107469,R05X1000657,Noradrenalin 20 µg/ml Perfusor,10057220,2107469,R05X198,Norcuron inj 4mg/ml,a.H.,#N/A,#N/A1001171,Norfloxacin Filmtbl 400 mg,10079385,,J01XX081000633,Norgolax Mikroklistier,a.H.,#N/A,#N/A326,Noroxin tabl 400 mg,10024627,9000173,L01XD041000270,Norvasc Tabl 10 mg,10031219,2107469,R05X1000271,Norvasc Tabl 5 mg,10031220,2107469,R05X1000605,Novalgin inj lös 50% 2 ml,10030334,1057433,A01AD021000858,Novalgin Tbl. à 500mg,10030336,1057433,A01AD021000632,Novalgin Trpf,10030337,1057433,A01AD021000731,Novasource GI Control,10028013,1057433,A01AD021000785,Novasource GI Forte + Fasern,10028721,1057433,A01AD021001208,NovoEight TS 1000 E Inj Lsg,10067025,9000089,J04AB021001209,NovoEight TS 2000 E Inj Lsg,10067026,9000089,J04AB021001206,NovoEight TS 250 E Inj Lsg,10067023,9000089,J04AB021001207,NovoEight TS 500 E Inj Lsg,10067024,9000089,J04AB021000798,NovoSeven,10055885,2107469,R05X1001162,NovoSeven 1mg,10055885,2107469,R05X1001163,NovoSeven 2mg,10055884,2107469,R05X1001164,NovoSeven 5 mg,10055883,2107469,R05X1001027,Noxafil Susp,10030323,1057433,A01AD021001078,Noxafil Tabl 100 mg,10072214,9000089,J04AB021000410,Nozinan Inj Lsg,a.H.,#N/A,#N/A1000409,Nozinan Tbl 25 mg,10087713,,J01XX081000956,Nozinan Tbl à 100 mg,10030434,1057433,A01AD021000558,"Nutriflex Lipid Spec 1250ml +F, +E",10056052,2107469,R05X1000559,Nutriflex lipid spez 1875ml,10084247,,J01XX081000694,Nutriflex lipid spezial oE,,#N/A,#N/A1000561,"Nutriflex spez 1000 ml, ohne Fett",,#N/A,#N/A1000519,Obracin 80 mg,10030603,1057433,A01AD021000376,Octagam Inf Lsg,10059912,1014062,N05CD061001067,Ondansetron Inj Lsg 4mg/2ml,10066846,9000089,J04AB021001123,Orencia Inf Lsg 250 mg,10037060,2107469,R05X1001124,Orencia Inj Lsg 125 mg,10060935,9000089,J04AB021000534,Orfiril Inj Lösung,10027540,1057433,A01AD021000531,Orfiril long Ret Kps 150 mg,10027487,1057433,A01AD021000532,Orfiril long Ret Kps 300 mg,10027488,1057433,A01AD021000533,Orfiril Sirup,10069897,9000089,J04AB021000635,Otrivin Nasenspray 0.1%,10029196,1057433,A01AD021000634,Otrivin Nasentropfen 0.1%,10029207,1057433,A01AD021000935,Oxycontin Ret Tbl à 10mg,10028184,1057433,A01AD021000936,Oxycontin Ret Tbl à 20mg,10028185,1057433,A01AD021000764,Oxycyte/Placebo,,#N/A,#N/A1000937,Oxynorm Trpf 10mg/ml,10029214,1057433,A01AD021001093,Pantoprazol Tbl 20 mg,10075030,,J01XX081000604,Pantozol Inj Lsg 40 mg,10090973,,J01XX081000860,Pantozol Tbl 40 mg,10075031,,J01XX081000938,Paragol Sirup 500ml,10027830,1057433,A01AD021000708,Paravertebralblock-Bolus,,#N/A,#N/A1000688,Paravertebralblock-Lösung,,#N/A,#N/A197,Pavulon inj 2 mg/ml,a.H.,#N/A,#N/A1000621,PCA-Fentanyl,,#N/A,#N/A1001028,PCA-Hydromorphon  0.2mg/ml,2062,9000173,L01XD041000716,PCA-Morphin,1148,#N/A,#N/A1000613,PCA-Morphin/Ketamin,,#N/A,#N/A1000844,PDA-Bupivacain 0.125% Bolus,,#N/A,#N/A1000843,PDA-Bupivacain 0.125% ohne Fentanyl,,#N/A,#N/A1000717,PDA-Forte,1240,#N/A,#N/A1000761,PDA-Forte Bolus,1240,#N/A,#N/A1000762,PDA-Standard Bolus,1239,#N/A,#N/A1000233,Penicillin 50 000 U/ml,10000483,9000173,L01XD041000284,Penicillin G 1 Mio,10073609,,J01XX081000607,Pentothal 0.5 Amp inj 25mg/ml,a.H.,#N/A,#N/A202,Pentothal inj 25 mg/ml,a.H.,#N/A,#N/A1000920,Perative liq  neutral 500ml,10066608,9000089,J04AB021000934,Perenterol Kps,10047784,2107469,R05X1000372,Perenterol Sachets 250 mg,10054766,2107469,R05X1000489,Perfalgan 1g,10028904,1057433,A01AD021000490,Perfalgan 500 mg,10029001,1057433,A01AD021000734,Perlinganit Perfusor,10024688,9000173,L01XD04214,Pethidine inj 50 mg/ml,10025008,9000173,L01XD041000478,Phenhydan Inf Lsg 750 mg,10024723,9000173,L01XD04230,Phenhydan inj 50 mg/ml 5 ml,10030736,68386,R05X304,Phenhydan tabl 100 mg,10030585,1057433,A01AD021000475,Phenobarbital 200 mg/2ml,10025080,9000173,L01XD041000394,Phoscap Phosphat Kps à 3 mmol,10073526,,J01XX081000184,Physiogel,1236,#N/A,#N/A1000737,Physiogel MV,1236,#N/A,#N/A1000479,Physostigmin Amp,,#N/A,#N/A1001044,Picoprep Pulver,10065994,9000089,J04AB021000837,Piperacillin-Tazobactam 2.25 Inj Lsg,10064430,9000089,J04AB021000266,PK-Merz 500 ml,10025034,9000173,L01XD041000245,Platelets,,#N/A,#N/A1000324,Plavix Tbl 75 mg,10052838,2107469,R05X1000939,Pradif Ret Tbl à 0.4 mg,10029918,1057433,A01AD021000488,Prednison Tbl 50 mg,10053425,2107469,R05X12,Primperan inj 10mg/2ml,10025902,9000173,L01XD041000940,Primperan Lös 1mg/ml,10079431,,J01XX081000941,Primperan Tbl à10mg,10025903,9000173,L01XD041001025,Privigen 10g Inf Lsg,10044020,2107469,R05X1001023,Privigen 2.5g Inf Lsg,10067629,9000089,J04AB021001026,Privigen 20g Inf Lsg,10045139,2107469,R05X1001024,Privigen 5g Inf Lsg,10044021,2107469,R05X1000357,Procto Synalar N Supp,10026646,9000173,L01XD041001231,Prograf Inf Lsg,10027001,9000173,L01XD041000942,Prograf Kps 0.5mg,10027521,1057433,A01AD021000510,Prograf Kps 1mg,10026999,9000173,L01XD041000511,Prograf Kps 5 mg,10027000,9000173,L01XD041001188,Prolastin TS 1g Inf Lsg,10067628,9000089,J04AB021000328,Promit Inj Lsg 15% 20 ml,a.H.,#N/A,#N/A1000804,Promote Fibres Plus,10058157,2107469,R05X1001227,Propofol 1% BOLUS,10087364,,J01XX081001225,Propofol 2%,10087365,,J01XX081001226,Propofol 2% BOLUS,10087365,,J01XX081000455,Prostigmin 0.5mg/ml,,#N/A,#N/A1000262,Prostin VR 0.5 mg/ml,10024773,9000173,L01XD041000494,Protamin Inj Lsg,10072158,9000089,J04AB021000755,Prothromplex 600IE,10055894,2107469,R05X1000286,Pulmicort Dosieraerosol,10025896,9000173,L01XD041000287,Pulmicort Inhal Lsg 0.25 mg/ml,10026250,9000173,L01XD041001239,PVB Ropivacain 2mg/ml,,#N/A,#N/A1000943,Quantalan Sachet,10066620,9000089,J04AB021001094,Quetiapin Tbl 100 mg,10075156,,J01XX081001074,Quetiapin Tbl 25 mg,10072580,,J01XX081000504,Rapamune Tbl 1mg,10028520,1057433,A01AD021000944,Rapamune Tbl 2mg,10029398,1057433,A01AD02204,Rapifen Inj Lsg,10031179,2107469,R05X1001211,Refacto AF FuseNGo TS 1000 E Inj Lsg,10055876,2107469,R05X1001210,ReFacto AF FuseNGo TS 500 E Inj Lsg,10055877,2107469,R05X1000404,Refludan Trockensubst 50 mg,a.H.,#N/A,#N/A1000477,Regitin Inj Lsg 10 mg/ml,a.H.,#N/A,#N/A1000945,Remeron subligual 15 mg,10028738,1057433,A01AD021000600,Remeron Tbl 30 mg,10031366,2107469,R05X1000946,Remicade Amp à 100mg,10027877,1057433,A01AD021001223,Remifentanil 100 µg/ml Perfusor,10080449,,J01XX081000344,Reniten Inj Lsg 1 mg/ml,a.H.,#N/A,#N/A1000593,Reniten iv,a.H.,#N/A,#N/A1000614,ReoPro,10026957,9000173,L01XD041000484,Resonium A,10030457,1057433,A01AD021000965,Resource Aprikose,10028982,1057433,A01AD021000966,Resource Erdbeer,10036659,2107469,R05X1000964,Resource Kaffee,10036657,2107469,R05X1000967,Resource Neutral,10029708,1057433,A01AD021000968,Resource Sommerfrüchte,10036661,2107469,R05X1000969,Resource Vanille,10036662,2107469,R05X1000369,Resyl Plus,10030486,1057433,A01AD021001065,Retransfusion Pflege,,#N/A,#N/A1001058,Revatio Filmtbl 20 mg,10034536,2107469,R05X1000327,Rheomacrodex Inf Lsg 10% NaCl 500 ml,a.H.,#N/A,#N/A1001068,Rifampicin Filmtbl 600 mg,10066841,9000089,J04AB021001173,Rifampicin Inf Lsg,10072951,,J01XX081000390,Rifater Drg 50 mg,10024869,9000173,L01XD04186,Rimactan inf 300 mg,10072951,,J01XX081000797,Rimactan Kps 300 mg,10030767,2107469,R05X351,Rimactan Kps 600 mg,10030670,68386,R05X1000030,Ringer Laktat Infusion,10087425,,J01XX081000866,Ringer Laktat Infusion 1000ml,10087425,,J01XX081000739,Ringer Laktat MV,,#N/A,#N/A1000581,Ringer Spüllösung,10080382,,J01XX081001216,RingerHemacetat Studienlösung 1000 ml,,#N/A,#N/A1000780,Risperdal Tbl 1 mg,10026520,9000173,L01XD04442,Rivotril inj,10030551,1057433,A01AD021001215,Rivotril Perfusor,10030551,1057433,A01AD021000710,Robinul Inj Lsg,10025251,9000173,L01XD041000330,Rocaltrol Kps 0.25 ug,10030836,2107469,R05X1000971,Rocaltrol Kps 0.5 ug,10030837,2107469,R05X1000838,Rocephin 2 g Inf Lsg,10063742,9000089,J04AB021000304,Rocephin 2g,10063742,9000089,J04AB021000648,Rocephin Inj Lsg,10063742,9000089,J04AB021000697,Rohypnol 1 mg,10027397,1057433,A01AD021000753,SAB_Tetraspan/Voluven,,#N/A,#N/A1000584,Salicylvaseline 10%,10074355,,J01XX081000426,Salofalk Tbl 500 mg,10025013,9000173,L01XD041000310,Sandimmun 50 mg/ml,10024740,9000173,L01XD041001031,Sandimmun Neoral Kps 10 mg,10026558,9000173,L01XD041000311,Sandimmun Neoral Kps 100 mg,10026558,9000173,L01XD041000313,Sandimmun Neoral Kps 25 mg,10026558,9000173,L01XD041000312,Sandimmun Neoral Kps 50 mg,10026558,9000173,L01XD041000314,Sandimmun Neoral Trinklsg 100 mg,10026558,9000173,L01XD041000464,Sandostatin iv,10025753,9000173,L01XD041000856,Sandostatin Perfusor 1ml/25mcg,10025753,9000173,L01XD041000616,Sandostatin sc,10025753,9000173,L01XD041000611,SanPellegrinoMagnesia,,#N/A,#N/A1000269,Saroten ret Kps 25 mg,10030581,1057433,A01AD021000972,Saroten ret Kps 50 mg,10030583,1057433,A01AD021000365,SDD Gentamycin/Polymyxin Kps,1075,#N/A,#N/A1001012,Selenase i.v.,10028403,1057433,A01AD021001009,Selenase Trinkamp. 0.10mg,10028401,1057433,A01AD021000485,Selipran Tbl 20 mg,10065410,9000089,J04AB021000976,Seresta 15 mg,10046831,2107469,R05X1000973,Seretide 100 Disk,10027594,1057433,A01AD021000974,Seretide 250 Disk,10027595,1057433,A01AD021001203,Seretide 250µg Disk,10027595,1057433,A01AD021000975,Serevent  Diskus,10026637,9000173,L01XD041000316,Seropram Tbl 20 mg,10026085,9000173,L01XD041000875,Seroquel Tbl 100 mg,10027843,1057433,A01AD021000874,Seroquel Tbl 25mg,10028202,1057433,A01AD021001073,Sertralin Tbl 50 mg,10043217,2107469,R05X1000606,Simdax inf,10065246,9000089,J04AB021001111,Simponi Inj Lsg,10054691,2107469,R05X1000757,Simulect Inj Lsg,10027311,9000173,L01XD041000503,Simvast Tbl 20 mg,10083288,,J01XX081000773,Sinemet CR Tbl 50/200 mg,10064964,9000089,J04AB021000805,"SmofKabiven NL 1500 ml +F,+E",10058641,1014062,N05CD061000806,"SmofKabiven NL 2000 ml +F,+E",10058675,1014062,N05CD061000852,"SmofKabiven NL1970 ml +F,-E",10058675,1014062,N05CD061000636,Soldactone Amp.,10030647,1057433,A01AD021001122,Soliris Inf Lsg 300 mg/30 ml,10051771,2107469,R05X1000383,Solu Cortef Inj Lsg 100 mg/ 2 ml,10000498,9000173,L01XD041000433,Solu Medrol 125 mg,10091422,,J01XX081000434,Solu Medrol 500 mg,10026925,9000173,L01XD041000431,Solu Medrol Stechamp 1g,10031063,2107469,R05X1000432,Solu Medrol Stechampullen 2g,10031063,2107469,R05X1000435,Solumedrol 40 mg,10090120,,J01XX081000992,Sorbidilat Kps 20mg,a.H.,#N/A,#N/A1000993,Sorbidilat Kps 40mg,a.H.,#N/A,#N/A1000392,Sorbidilat SR Kps 40 mg,a.H.,#N/A,#N/A1000399,Sorbisterit Calcium Pulver,10060829,9000089,J04AB021000995,Sortis Tabl 10 mg,10027232,9000173,L01XD041000279,Sortis Tabl 20 mg,10027234,9000173,L01XD041000994,Sortis Tabl 40 mg,10028688,1057433,A01AD02138,Sotalol Tabl 80 mg,10053745,2107469,R05X1000527,Spasmo Urgenin Neo drg,10026613,9000173,L01XD041001049,SPICE_Dexdor Inf. Lsg,,#N/A,#N/A1001053,SPICE_Disoprivan 1% Bolus,,#N/A,#N/A1001050,SPICE_Disoprivan 2%,,#N/A,#N/A1001052,SPICE_Disoprivan 2% BOLUS,,#N/A,#N/A1001054,SPICE_Dormicum Bolus 1mg/ml,,#N/A,#N/A1001051,SPICE_Dormicum Perfusor 5mg/ml,,#N/A,#N/A1001228,SPICE_Propofol 1% BOLUS,,#N/A,#N/A1001230,SPICE_Propofol 2%,,#N/A,#N/A1001229,SPICE_Propofol 2% BOLUS,,#N/A,#N/A1000486,Spiricort Tbl 20 mg,10026490,9000173,L01XD041000487,Spiricort Tbl 5 mg,10026488,9000173,L01XD041000848,Spirit 3X8,,#N/A,#N/A1000849,Spirit 5Y2,,#N/A,#N/A1000678,Spüllösung/Nacl 0.9%,10025159,9000173,L01XD041001121,Stelara Inj Lsg 90 mg/ml,10060721,9000089,J04AB021000991,Stilnox Tbl 10mg,10025942,9000173,L01XD04110,Streptokinase inj 1500 U/ml,,#N/A,#N/A1000807,"StructoKabiven NL 1500 ml +F, - E",10037730,2107469,R05X1000752,Studie_NaCL/Ringerfundin,,#N/A,#N/A1000509,Succinolin 100mg/ 2ml,10026181,9000173,M03AB01303,Sufentanil inj 50 µg/ml,10079439,,J01XX081000771,Sufentanyl Perfusor,10079439,,J01XX081001192,SUP-ICU Pantoprazol Verum/Placebo i.v.,,#N/A,#N/A1000447,Supradyn Brausetbl,10085365,,J01XX081000525,Surmontil Tbl 100 mg,10031367,2107469,R05X1001006,Surmontil Trpf 4%,10030453,1057433,A01AD021000573,Survimed OPD,10074435,,J01XX081001066,Survimed OPD HN,10074435,,J01XX081001131,Sutent Kps 12.5 mg,10043740,2107469,R05X1001130,Sutent Kps 25 mg,10043741,2107469,R05X1001129,Sutent Kps 50 mg,10042842,2107469,R05X1000996,Symbicort 100/60,10028145,1057433,A01AD021000997,Symbicort 200/60,10028147,1057433,A01AD021000512,Synacthen Inj Lsg 0.25 mg,10068079,9000089,J04AB021000469,Syntocinon Inj Lsg 5 IE,10030369,1057433,A01AD021001099,Tamiflu Kps 30 mg,10046277,2107469,R05X1000765,Tamiflu Kps 75 mg,10027761,1057433,A01AD021001100,Tamiflu Suspension,10063607,9000089,J04AB021001127,Tarceva Tbl 100 mg,10029731,1057433,A01AD021001128,Tarceva Tbl 150 mg,10029732,1057433,A01AD021000340,Tardyferon Drg,10030526,1057433,A01AD021001196,Targin 10/5 mg Tbl,10052071,2107469,R05X1000989,Targin Retard Tbl 10/5mg,10052071,2107469,R05X1000990,Targin Retard Tbl 20/10mg,10051668,2107469,R05X1001249,Targocid Inf Lsg,10025986,9000173,L01XD041000408,Tavanic Inf Lsg 500 mg 100 ml,10027291,9000173,L01XD041000407,Tavanic Tbl 500 mg,10065718,9000089,J04AB021000319,Tavegyl Inj Lsg 2mg/2ml,10030572,1057433,A01AD02405,"Tazobac 2,5 g inf",10064430,9000089,J04AB021000483,Tazobac Inf 4g,10089360,,J01XX081001174,Td-pur Inj,10030004,1057433,A01AD021000776,Tegretol CR Tbl 200 mg,10024902,9000173,L01XD041000777,Tegretol CR Tbl 400 mg,10024876,9000173,L01XD041000594,Tegretol Supp 250 mg,10024875,9000173,L01XD041000295,Tegretol Tabl 200 mg,10024902,9000173,L01XD041000711,Telebrix Gastro,10025779,9000173,L01XD041000387,Telebrix Gastro Lsg,10025779,9000173,L01XD041000239,Temesta 4 mg/ml inj,10025963,9000173,L01XD041000418,Temesta Expidet 1mg,10024861,9000173,L01XD041000988,Temesta Expidet 2.5 mg,10024863,9000173,L01XD041000987,Tenormin  Tabl 100mg,10030700,68386,R05X1000278,Tenormin mite Tabl 50 mg,10030903,2107469,R05X141,Tenormin submite tabl 25 mg,10026108,9000173,L01XD041000655,test Adrenalin10 µg/ml Bolus,,#N/A,#N/A1000650,Test Adrenalin100 µg/ml,,#N/A,#N/A1000649,test Adrenalin20 µg/ml,,#N/A,#N/A1000658,Test Nor Adrenalin 10 µg/ml Bolus,,#N/A,#N/A1000664,test Zofran,,#N/A,#N/A1000712,Tetagam N,10067304,9000089,J04AB021001247,Theospirex Bolus iv,10092629,,J01XX081001248,Theospirex Perfusor,10092629,,J01XX081001064,Thiamazol Inj Lsg 40,10074464,,J01XX081000201,Thrombocyte conc,,#N/A,#N/A1000745,Thrombozyten Pflege,,#N/A,#N/A1000715,Thymoglobuline,10027300,9000173,L01XD041000416,Thyrotardin 100 ug,10025568,9000173,L01XD041001059,Thyroxin TS Amp 500 ug/5ml,,#N/A,#N/A1001062,TICAB Tbl,,#N/A,#N/A1001085,TICH-2 Tranexamsäure/Placebo,,#N/A,#N/A1000518,Tienam Amp 500 mg,10037817,2107469,R05X1001232,Tigacyl Amp 50 mg,,#N/A,#N/A1000517,Timoptic Trpf Oph 0.25%,10030811,2107469,R05X1000586,Tobrex Augensalbe,10026604,9000173,L01XD041000587,Tobrex Augentrp,10026603,9000173,L01XD041000760,Topamax Tbl 50 mg,10028064,1057433,A01AD021000401,Tora-dol Inj Lsg 30 mg,10026145,9000173,L01XD041000520,Torem Inj Lsg 20mg,10031373,2107469,R05X1000521,Torem Tbl 10 mg,10031373,2107469,R05X1000986,Torem Tbl 200 mg,10026383,9000173,L01XD041000522,Torem Tbl 5 mg,10026384,9000173,L01XD041000170,Trace elements,10026382,9000173,L01XD041001089,Tracleer Tabl 62.5 mg,10028536,1057433,A01AD02199,Tracrium inj 10 mg/ml,10031165,2107469,R05X1000822,Tracrium Perfusor,10031165,2107469,R05X1001046,Tramal Amp. 100 mg,10035189,2107469,R05X1000984,Tramal Kps 50 mg,10035188,2107469,R05X1000985,Tramal Retard  Tbl. 100 mg,10026889,9000173,L01XD041000523,Tramal Trpf 100 mg/ml,10035190,2107469,R05X386,Trandate inj,10024755,9000173,L01XD041000828,Trandate Perfusor,10024755,9000173,L01XD041000845,Tranexamid/Placebo,,#N/A,#N/A1001038,TransformCertican Tbl.à 0.75m,,#N/A,#N/A1001037,TransformMyfortic Tbl à 360mg,,#N/A,#N/A1001036,TransformNTX Simulect Inj Lsg,,#N/A,#N/A1001039,TransformNTXPrograf Kps 0.5mg,,#N/A,#N/A1001040,TransformSandimmun Neoral Kps,,#N/A,#N/A1001214,Transipeg Pulver,10027238,9000173,L01XD041000637,Trasylol Amp.,,#N/A,B02AB011000774,Trileptal Tbl 300 mg,10028154,1057433,A01AD021000775,Trileptal Tbl 600 mg,10028155,1057433,A01AD021000672,Trinkmenge,,#N/A,#N/A1000736,Trinkmenge Pflege,,#N/A,#N/A1000869,Triofan Nasenspray,10062139,9000089,J04AB021000870,Triofan Nasentropfen,10062138,9000089,J04AB021000983,Trittico Tbl 100 mg,10024791,9000173,L01XD041000982,Trittico Tbl 50 mg,10024789,9000173,L01XD041000638,Tuberculin PPD,10086658,,J01XX081001008,Ulcogant Susp 0.2g/ml,a.H.,#N/A,#N/A1001218,Ultiva 100 µg/ml Perfusor,10026953,9000173,L01XD041000705,Ultiva Inj Lsg,10026953,9000173,L01XD041000513,Unifyl cont Tbl 400 mg,10026746,9000173,L01XD041001237,Urapidil Inj Lsg,10089770,,J01XX081001238,Urapidil Perfusor,10089770,,J01XX081000980,Urokinase 10000 UI,10027020,9000173,L01XD041000528,Urokinase 100000 UI,10027022,9000173,L01XD041000529,Urokinase 500000 UI,10027343,9000173,L01XD041000981,Ursofalk 250mg Kps.,10068072,9000089,J04AB021000979,Valcyte Filmtabl. 450mg,10028518,1057433,A01AD021000283,Valerianae tinct Haenseler,10055923,2107469,R05X245,Valium inj 5 mg/ml,10027647,1057433,A01AD021000978,Valium Tbl. 10 mg,10027654,1057433,A01AD021000977,Valium Tbl. 5 mg,10027653,1057433,A01AD021000530,Valtrex Tbl 500 mg,10087403,,J01XX081000349,Valverde Verstopfung Sirup,10027541,1057433,A01AD02189,Vancocin  Amp 500 mg,10029113,1057433,A01AD02331,Vancocin oral Kps 250 mg,10024998,9000173,L01XD04113,Vasopressin inf 0.4 U/ml,10064031,9000089,J04AB02112,Vasopressin inj 20 U/ml,10064031,9000089,J04AB021001132,Vectibix Inf Lsg 100 mg/5ml,10044988,2107469,R05X1001133,Vectibix Inf Lsg 400 mg/20ml,10063603,9000089,J04AB021001116,Velcade Inf Lsg 1 mg,10052405,2107469,R05X1001117,Velcade Inf Lsg 3.5 mg,10029689,1057433,A01AD021001072,Venlafaxin ER ret Kps 75 mg,10075159,,J01XX081000339,Venofer Inj Lsg 100 mg,10026837,9000173,L01XD041000808,Ventavis Inhal Lsg,10044141,2107469,R05X1000682,Venticulte/Placebo,,#N/A,#N/A1000499,Ventolin Dosieraerosol 0.1 mg,10027974,1057433,A01AD02260,Ventolin inhal 0.5% 5 mg/ml,10024778,9000173,L01XD041001060,Ventolin Inhal Lsg 0.05%,10024778,9000173,L01XD0492,Verapamil inf 0.25 mg/ml,10058302,2107469,R05X1000663,Vfend Amp,10029643,1057433,A01AD021000661,Vfend Filmtbl 200 mg,10028835,1057433,A01AD021000662,Vfend Filmtbl 50 mg,10028834,1057433,A01AD021000610,Viagra Tbl. 50 mg,10027333,9000173,L01XD041000335,Vibravenös Inj Lsg 100 mg 5 ml,10057912,2107469,R05X1000553,Vi-De 3 Trpf,10030446,1057433,A01AD021001057,VIMC PCA-Hydromorphon  0.,,#N/A,#N/A1001056,Vimpat Tbl. 50 mg,10056098,2107469,R05X1001180,Vincristin Inj Lsg,10066622,9000089,J04AB021000754,VisMed künstliche Tränen,,#N/A,#N/A1000639,Vitamin A Augensalbe,10026703,9000173,L01XD041000277,Vitamin C Streuli Lsg 10% 5 ml,10030405,1057433,A01AD021000211,Vitamine water sol,,#N/A,#N/A1000150,"Vitamins fat sol, Vitalipid",,#N/A,#N/A1000384,Vitarubin Depot 1000 ug/ml,10090183,,J01XX081000329,Voltaren Drg 50,10030640,1057433,A01AD021000809,Voltaren Inf Lsg,10030639,1057433,A01AD021000859,Voltaren Tbl. à 75mg,75 mg gibt es nicht als Tbl,#N/A,#N/A1000590,voluven,10066621,9000089,J04AB021000735,Voluven 6% MV,10066621,9000089,J04AB021000709,Voluven 6% Treasure,10066621,9000089,J04AB021001139,Voriconazol Filmtbl 200 mg,10079855,,J01XX081001138,Voriconazol Filmtbl 50 mg,10079854,,J01XX081001140,Voriconazol Inf Lsg 200 mg/ 20 ml,10079856,,J01XX081000923,Wasser,,#N/A,#N/A1000213,Water,,#N/A,#N/A1000204,Water sterile,,#N/A,#N/A1001189,Willfact TS 1000 E Inj Lsg,10064576,9000089,J04AB021001250,Xarelto Tbl 15 mg,10059785,1014062,N05CD061001251,Xarelto Tbl 20 mg,10059793,1014062,N05CD061001079,Xifaxan Tabl 550 mg,10073506,,J01XX081000337,Xigris Amp 5mg,a.H.,#N/A,#N/A1000640,X-Prep Liquid,10029977,1057433,A01AD021000412,Xylocain Spray 10%,10026201,9000173,L01XD041000405,Xyzal Filmtbl 5 mg,10028829,1057433,A01AD021000615,Xyzal Tbl. 5 mg,10028829,1057433,A01AD025,Zantic Inj Lsg 50 mg,10031049,2107469,R05X1000497,Zantic Tbl 150 mg,10073875,,J01XX081001221,Zavedos Inf Lsg,10051946,2107469,R05X1000260,Zentel Tbl 400 mg,10026651,9000173,L01XD041001219,Zerbaxa 1.5 g Inf Lsg,10084241,,J01XX081000305,Zinacef Amp 1.5 g,10030890,2107469,R05X1000234,Zinacef inj 100 mg/ml,10030890,2107469,R05X1000306,Zinat Tabl 500 mg,10025880,9000173,L01XD041000539,Zink Nutrimed Brausetbl 5mg,,#N/A,#N/A1000540,Zinkchlorid Amp,1255,#N/A,#N/A1000887,Zinkglukonat Tbl.30mg (Burgerstein),10025688,9000173,L01XD041000467,Zofran 4mg/2ml,10056449,2107469,R05X1000861,Zofran Zydis à 4mg,10056615,2107469,R05X1000502,Zoloft Tbl 50 mg,10030070,1057433,A01AD02190,Zovirax inf 250 mg/10 ml,10031081,2107469,R05X1000603,Zurcal Tbl 20 mg,a.H.,#N/A,#N/A1000261,Zyloric Tbl 300 mg,10030800,2107469,R05X1000595,Zyprexa Filmtbl. 5 mg,10027192,9000173,L01XD041000821,zzCordarone Perfusor,,,151,zzz,,,1000188,zzz,,,1000230,zzz#2,,,1000060,zzz#6,,,1000181,zzzAmino-Glucos 9 g/l - 10%,,,1000698,zzzAminophyllin BOLUS,,,159,zzzAmpicillin 500 mg / ml inj,,,1000537,zzzBeco 5 Inj Lsg,,,1000347,"zzzBrevibloc 2,5g/10 ml",,,121,zzzDiltiazem tabl 30 mg,,,37,zzzDopamine 2 mg/ml inf,,,1000242,zzzDopamine 40mg/ml inj,,,44,zzzDopexamine 10 mg/ml inf,,,172,zzzErythromycin 1g amp,,,1000237,zzzErythromycin 50 mg/ml inj,,,416,zzzFluimucil inj Lsg 20%,,,1000224,zzzGlucos  5% cum Na40 K20,,,1000192,zzzGlucos 10% cum Na40 K20,,,1000815,zzzGlucose  5%100,,,49,zzzGlyceryl nitrate inj 1 mg/ml,,,287,zzzIbuprofen tabl 400 mg,,,1000402,zzzKohle Gel,,,1000235,zzzLidocaine 4 mg/ml,,,1000247,zzzMorphine Inf 2 mg/ml,,,1000241,zzzNa 5% hypertonic infusion,,,1000695,ZZZNipruss 1mg/ml,,,77,zzzNoradrenalin inj 0.02 mg/ml,,,1000691,zzztestDisoprivan  BOLUS 2% 20mg/ml,,,1000677,zzztestNO,,,1000228,zzzVoluven 6%,,,1000653,zzzz,,,1001001,zzzz,,,1000733,zzzz Infu,,,1000817,zzzz NaCl 0.9 %250,,,1000229,zzzzDC defibrillation,,,1000692,zzzzFentanyl Bolus inj 50 µg/ml,,,1000568,zzzzInfu,,,1000569,zzzzinfusi,,,203,zzzztest,,,300,zzzzz,,,1000685,zzzzz,,,1000555,zzzzzFentanyl Inf 10ug/ml,,,1000670,zzzzzFloxapen Inj Lsg 2g,,,163,zzzzzFortam Stechamp 2g,,,1000660,zzzzzTest Cordarone,,,1000654,"zzzzztestBupivacaine 0,125% PDA",,,1000549,zzzzzzAugmentin Inj 2.2g,,,